rein
pre:0.74367
recall:0.64139