rein
pre:0.78033
recall:0.76434