rein
pre:0.83889
recall:0.61885